%YAML:1.0 # need to specify the file type at the top!

cam0:
  T_cam_imu:
    - [0.0, 1.0, 0.0, -0.06]
    - [0.0, 0.0, -1.0, 0.0]
    - [-1.0, 0.0, 0.0, -0.05]
    - [0.0, 0.0, 0.0, 1.0]
  cam_overlaps: [0]
  camera_model: pinhole
  distortion_model: radtan
  distortion_coeffs: [0.0, 0.0, 0.0, 0.0]
  intrinsics: [335.0223693847656, 335.5826721191406, 307.6371765136719, 197.24400329589844]
  #intrinsics: [332.0, 332.0, 316.0, 194.0]
  resolution:
    - 640
    - 400
  rostopic: /ov9281_front_rect/right/image_raw
  timeshift_cam_imu: 0.004
cam1:
  T_cam_imu:
    - [0.0, 1.0, 0.0, 0.06]
    - [0.0, 0.0, -1.0, -0.0]
    - [-1.0, 0.0, 0.0, -0.05]
    - [0.0, 0.0, 0.0, 1.0]
  cam_overlaps: [1]
  camera_model: pinhole
  distortion_model: radtan
  distortion_coeffs: [0.0, 0.0, 0.0, 0.0]
  intrinsics: [336.6302795410156, 337.16412353515625, 324.908447265625, 193.20556640625]
  #intrinsics: [332.0, 332.0, 316.0, 194.0]
  resolution:
    - 640
    - 400
  rostopic: /ov9281_front_rect/left/image_raw
  timeshift_cam_imu: 0.004
